I,1,2,3,4,5,6,7,8,9,10,11,12,13,14,15,16,17,18,19,20,21,22,23,24,25,26,27,28,29,30,31,32,33,34,35,36,37,38,39,40,41,42,43,44,45,46,47,48,49,50,51,52,53,54,55,56,57,58,59,60,61,62,63,64,65,66,67,68,69,70,71,72,73,74,75,76,77,78,79,80,81,82,83,84,85,86,87,88,89,90,91,92,93,94,95,96,97,98,99,100,101,102,103,104,105,106,107,108,109,110,111,112,113,114,115,116,117,118,119,120,121,122,123,124,125,126,127,128,129,130,131,132,133,134,135,136,137,138,139,140,141,142,143,144,145,146,147,148,149,150,151,152,153,154,155,156,157,158,159,160,161,162,163,164,165,166,167,168,169,170,171,172,173,174,175,176,177,178,179,180,181,182,183,184,185,186,187,188,189,190,191,192,193,194,195,196,197,198,199,200
1,1,1.1563999653,1.089599967,1.3518999815,1.0698000193,1.0356999636,1.2827999592,1.0315999985,1.1290999651,1.0923999548,1.0874999762,1.1150000095,1.1231000423,1.0838999748,1.1209000349,1.2869000435,1.5133999586,1.0628000498,1.1610000134,1.1315000057,1.2151999474,1.2486000061,1.513100028,1.5073000193,1.3454999924,1.0622999668,1.1395000219,1.070299983,1.0884000063,1.4457000494,1.1232999563,1.3037999868,1.0859999657,1.5161999464,1.0938999653,1.0404000282,1.1098999977,1.0066000223,1.2395000458,1.1210999489,1.0827000141,1.1295000315,1.0934000015,1.1073000431,1.0764000416,1.5259000063,1.0485999584,1.0068000555,1.448300004,1.3051999807,1.1384999752,1.1109999418,1.1447000504,1.0243999958,1.313199997,1.2441999912,1.1068999767,1.038599968,1.1260000467,1.0914000273,1.19599998,1.3041000366,1.1499999762,1.0311000347,1.0837999582,1.3782000542,1.0202000141,1.5273000002,1.0891000032,1.0994000435,1.1782000065,1.038400054,1.3023999929,1.0444999933,1.5203000307,1.1854000092,1.0542999506,1.2963000536,1.0928000212,1.0803999901,1.1006000042,1.0515999794,1.1038999558,1.0822000504,1.2657999992,1.1203000546,1.0606000423,1.1833000183,1.1121000052,1.0915000439,1.0313999653,1.1749999523,1.0529999733,1.0748000145,1.1647000313,1.2762999535,1.0707999468,1.0861999989,1.2417999506,1.214599967,1.0614999533,1.0436999798,1.4622000456,1.0592000485,1.1730999947,1.5147000551,1.0670000315,1.2968000174,1.0630999804,1.5196000338,1.1002999544,1.3461999893,1.5286999941,1.1440999508,1.5261000395,1.247699976,1.0831999779,1.1510000229,1.1900999546,1.52760005,1.1964999437,1.0262999535,1.1532000303,1.0635999441,1.1000000238,1.0988999605,1.2158000469,1.0850000382,1.0590000153,1.1944999695,1.0839999914,1.3925000429,1.2272000313,1.5190999508,1.1769000292,1.2043999434,1.5242999792,1.2108000517,1.1866999865,1.0952999592,1.0736000538,1.4386999607,1.0202000141,1.1359000206,1.5194000006,1.2285000086,1.1182999611,1.399600029,1.0793999434,1.0901999474,1.0644999743,1.5027999878,1.0730999708,1.4990999699,1.0608999729,1.0518000126,1.089400053,1.0448999405,1.1661000252,1.1144000292,1.5254000425,1.5404000282,1.3957999945,1.3055000305,1.5097999573,1.5421999693,1.5381000042,1.5341000557,1.5425000191,1.34010005,1.5442999601,1.1426000595,1.0638999939,1.5118000507,1.1901999712,1.0550999641,1.0963000059,1.4557000399,1.1042000055,1.1576999426,1.0333000422,1.5297000408,1.0683000088,1.212100029,1.0255999565,1.1800999641,1.0792000294,1.4380999804,1.2029000521,1.0776000023,1.0786999464,1.087100029,1.5135999918,1.0590000153,1.1325000525,1.1123000383,1.2073999643,1.0778000355,1.0569000244,1.0089000464
2,1.1563999653,1,1.2266999483,1.320299983,1.1871000528,1.160599947,1.2467000485,1.1713000536,1.038400054,1.2125999928,1.0640000105,1.0375000238,1.0319999456,1.1778999567,1.0394999981,1.188199997,1.5003999472,1.1578999758,1.3054000139,1.2481000423,1.0935000181,1.1361000538,1.5695999861,1.5428999662,1.4068000317,1.200799942,1.0436999798,1.1238000393,1.1540999413,1.4838000536,1.2503000498,1.3201999664,1.0896999836,1.5671000481,1.2115000486,1.1974999905,1.260800004,1.1498999596,1.0836000443,1.1950000525,1.1471999884,1.0571000576,1.0706000328,1.0543999672,1.1694999933,1.538599968,1.1167000532,1.160599947,1.5104999542,1.3099999428,1.16110003,1.0550999641,1.0154000521,1.1346999407,1.1936999559,1.1727000475,1.1773999929,1.1296999455,1.0582000017,1.1446000338,1.0561000109,1.3159999847,1.2055000067,1.17900002,1.095600009,1.3178999424,1.1763999462,1.5608999729,1.1082999706,1.084800005,1.1506999731,1.1842999458,1.3235000372,1.1502000094,1.5160000324,1.035599947,1.1850999594,1.3158999682,1.2193000317,1.0894999504,1.0533000231,1.1677000523,1.225200057,1.0742000341,1.1557999849,1.0585999489,1.1303999424,1.0781999826,1.1015000343,1.1892999411,1.157400012,1.15989995,1.1725000143,1.1593999863,1.1806000471,1.1883000135,1.0806000233,1.0671000481,1.1247999668,1.0641000271,1.1705000401,1.1794999838,1.4499000311,1.100900054,1.1188999414,1.4931999445,1.1054999828,1.2434999943,1.1109000444,1.5176000595,1.2005000114,1.2178000212,1.5548000336,1.0908000469,1.5257999897,1.1004999876,1.1943000555,1.2512999773,1.0529999733,1.529399991,1.1078000069,1.1655999422,1.0309000015,1.1902999878,1.0771000385,1.217599988,1.0822999477,1.1987999678,1.1687999964,1.0463000536,1.1720000505,1.4155999422,1.1894999743,1.5667999983,1.2215000391,1.0590000153,1.5063999891,1.0699000359,1.0413000584,1.1629999876,1.1768000126,1.4010000229,1.151900053,1.272300005,1.5609999895,1.0855000019,1.236700058,1.4136999846,1.1862000227,1.0990999937,1.1777000427,1.5147000551,1.1274000406,1.4765000343,1.1043000221,1.2045999765,1.1832000017,1.1907000542,1.2666000128,1.1377999783,1.5634000301,1.5367000103,1.415199995,1.2035000324,1.4808000326,1.5456000567,1.5374000073,1.5197000504,1.5419000387,1.3129999638,1.5511000156,1.038400054,1.1919000149,1.563199997,1.2582999468,1.1650999785,1.0585999489,1.5166000128,1.2330000401,1.149099946,1.1315000057,1.5334000588,1.2159999609,1.057000041,1.1591999531,1.1947000027,1.1868000031,1.3916000128,1.1737999916,1.2228000164,1.1727999449,1.1325999498,1.5063999891,1.1449999809,1.2080999613,1.2295999527,1.2005000114,1.0853999853,1.1648000479,1.1601999998
3,1.089599967,1.2266999483,1,1.4569000006,1.0347000361,1.0616999865,1.3897999525,1.1137000322,1.2113000155,1.1686999798,1.1575000286,1.1849000454,1.198300004,1.0511000156,1.1816999912,1.3911999464,1.5922000408,1.0613000393,1.0684000254,1.043900013,1.3092999458,1.3482999802,1.5744999647,1.5779000521,1.4318000078,1.0257999897,1.2249000073,1.1656999588,1.1837999821,1.5282000303,1.0326999426,1.4045000076,1.1778000593,1.5792000294,1.0242999792,1.0548000336,1.0307999849,1.0903999806,1.2918000221,1.2129000425,1.1783000231,1.1755000353,1.147300005,1.190500021,1.1669000387,1.5973000526,1.1398999691,1.0910999775,1.5219000578,1.4078999758,1.2384999991,1.1656999588,1.2197999954,1.1143000126,1.4148999453,1.3494000435,1.2003999949,1.131000042,1.2148000002,1.1880999804,1.2459000349,1.4055999517,1.2451000214,1.1062999964,1.1230000258,1.4829000235,1.070299983,1.5931999683,1.1849000454,1.138100028,1.2813999653,1.1121000052,1.4021999836,1.1363999844,1.5960999727,1.2444000244,1.13349998,1.396600008,1.1649999619,1.1275000572,1.1662000418,1.0513999462,1.0225000382,1.1433999538,1.367200017,1.2084000111,1.1553000212,1.2769999504,1.1341999769,1.1786999703,1.0661000013,1.2781000137,1.1387000084,1.1677000523,1.2657999992,1.3815000057,1.1423000097,1.1656999588,1.3399000168,1.2674000263,1.0490000248,1.1232999563,1.5522999764,1.1476000547,1.274099946,1.5942000151,1.1592999697,1.4041999579,1.1052999497,1.5952999592,1.1852999926,1.4462000132,1.5961999893,1.2409000397,1.5997999907,1.2911000252,1.1660000086,1.2308000326,1.2755999565,1.6004999876,1.2955000401,1.1112999916,1.2351000309,1.1426000595,1.1906000376,1.0234999657,1.3063999414,1.0305000544,1.1471999884,1.2502000332,1.057000041,1.4859999418,1.3329999447,1.5824999809,1.273900032,1.2558000088,1.600900054,1.2575999498,1.2683999538,1.1900999546,1.0464999676,1.535400033,1.0772000551,1.0428999662,1.584800005,1.2726999521,1.0332000256,1.4943000078,1.1648000479,1.122699976,1.0426000357,1.5801999569,1.0923000574,1.5825999975,1.1121000052,1.040899992,1.1782000065,1.1157000065,1.244699955,1.2132999897,1.5904999971,1.6104999781,1.4897999764,1.40989995,1.5911999941,1.6107000113,1.6085000038,1.6074999571,1.6116000414,1.4453999996,1.6116000414,1.1964000464,1.0298999548,1.5757000446,1.2805999517,1.1440000534,1.1599999666,1.5284999609,1.016299963,1.2596999407,1.1252000332,1.6016999483,1.023900032,1.2691999674,1.1138000488,1.2817000151,1.0390000343,1.5355000496,1.3076000214,1.0152000189,1.0529999733,1.0943000317,1.5915999413,1.0729000568,1.2231999636,1.1871000528,1.3114999533,1.1311000586,1.0539000034,1.0801999569
4,1.3518999815,1.320299983,1.4569000006,1,1.434499979,1.3925000429,1.0622999668,1.3237999678,1.2867000103,1.2792999744,1.3299000263,1.3243000507,1.3087999821,1.4445999861,1.344900012,1.1414999962,1.1584999561,1.4170000553,1.5245000124,1.5022000074,1.2245999575,1.1871999502,1.3041000366,1.2381999493,1.171200037,1.4269000292,1.2732000351,1.2705999613,1.2472000122,1.1835999489,1.4934999943,1.079300046,1.274099946,1.2912000418,1.4624999762,1.3928999901,1.4716999531,1.352699995,1.391299963,1.222900033,1.2532000542,1.3763999939,1.3600000143,1.2900999785,1.2663999796,1.2092000246,1.3026000261,1.3493000269,1.2438000441,1.0621999502,1.1927000284,1.3578000069,1.3063999414,1.3270000219,1.1701999903,1.1319999695,1.2317999601,1.3079999685,1.2651000023,1.2433999777,1.3825999498,1.0728000403,1.1914999485,1.3334000111,1.3831000328,1.0499000549,1.3730000258,1.2575000525,1.2568999529,1.3852000237,1.1626000404,1.3284000158,1.0866999626,1.2979999781,1.1758999825,1.3559999466,1.3057999611,1.0851999521,1.2874000073,1.3718999624,1.3363000155,1.41110003,1.4737000465,1.3483999968,1.1727999449,1.2695000172,1.2802000046,1.2290999889,1.4115999937,1.2582000494,1.3867000341,1.1603000164,1.296900034,1.2641999722,1.1663000584,1.1302000284,1.3322999477,1.3085000515,1.1988999844,1.3811000586,1.4215999842,1.3150999546,1.1103999615,1.3020000458,1.1871999502,1.152099967,1.2851999998,1.0667999983,1.3789999485,1.1784000397,1.2552000284,1.1835000515,1.2408000231,1.2232999802,1.1876000166,1.4186999798,1.2738000155,1.2347999811,1.2664999962,1.192299962,1.1963000298,1.3259999752,1.2828999758,1.2976000309,1.2703000307,1.4680999517,1.2432999611,1.4516999722,1.2871999741,1.367200017,1.4421999455,1.1153999567,1.1162999868,1.285599947,1.165899992,1.3813999891,1.1649999619,1.3954000473,1.2821999788,1.2409000397,1.4350999594,1.0727000237,1.3715000153,1.5041999817,1.2687000036,1.4085999727,1.4888000488,1.102699995,1.2721999884,1.3927999735,1.4269000292,1.1834000349,1.4048000574,1.1356999874,1.3679000139,1.4093999863,1.2568999529,1.3265999556,1.2311999798,1.2201000452,1.2666000128,1.1985000372,1.1103999615,1.1389000416,1.1424000263,1.2113000155,1.2000999451,1.1787999868,1.2052999735,1.0118999481,1.2194999456,1.3619999886,1.42900002,1.2867000103,1.1806999445,1.2900999785,1.3409999609,1.2475999594,1.4737000465,1.1776000261,1.3143999577,1.1976000071,1.4301999807,1.3682999611,1.3229999542,1.1513999701,1.443500042,1.0730999708,1.1363999844,1.4415999651,1.4379999638,1.4203000069,1.1653000116,1.4056999683,1.2165999413,1.2691999674,1.1247999668,1.3624000549,1.4149999619,1.3630000353
5,1.0698000193,1.1871000528,1.0347000361,1.434499979,1,1.0345000029,1.3643000126,1.100399971,1.174399972,1.1619999409,1.1211999655,1.1469999552,1.1606999636,1.0214999914,1.1430000067,1.3571000099,1.5803999901,1.0260000229,1.1025999785,1.0602999926,1.271600008,1.3119000197,1.5746999979,1.5734000206,1.4259999991,1.0225000382,1.188199997,1.1407999992,1.1638000011,1.5214999914,1.0569000244,1.388299942,1.1470999718,1.5781999826,1.0240000486,1.0519000292,1.0659999847,1.0680999756,1.2501000166,1.198300004,1.1572999954,1.136500001,1.1095999479,1.1552000046,1.1510000229,1.5898000002,1.1130000353,1.073300004,1.5204000473,1.3897999525,1.2158000469,1.127300024,1.1811000109,1.09010005,1.3789000511,1.317800045,1.1836999655,1.1066999435,1.1798000336,1.1662000418,1.2051000595,1.3887000084,1.2292000055,1.0953999758,1.0856000185,1.4572000504,1.057000041,1.5893000364,1.1569999456,1.100200057,1.2534999847,1.102699995,1.3868999481,1.1173000336,1.5858000517,1.203600049,1.1232000589,1.3808000088,1.1601999998,1.090299964,1.1287000179,1.0198999643,1.035400033,1.1066000462,1.3314000368,1.1734999418,1.1317000389,1.2405999899,1.0971000195,1.1660000086,1.0392999649,1.2517999411,1.125,1.1497000456,1.2437000275,1.3485000134,1.1073999405,1.131000042,1.3028999567,1.226099968,1.0144000053,1.1121000052,1.5377999544,1.1177999973,1.2425999641,1.5813000202,1.1309000254,1.3766000271,1.0692000389,1.5852999687,1.174399972,1.4100999832,1.5910999775,1.2082999945,1.5903999806,1.25,1.1555000544,1.2249000073,1.236700058,1.5914000273,1.260800004,1.0961999893,1.1971000433,1.1330000162,1.1579999924,1.029399991,1.2676999569,1.0149999857,1.1322000027,1.2092000246,1.0259000063,1.4744000435,1.3054000139,1.5809999704,1.2575999498,1.2146999836,1.5888999701,1.2166999579,1.2288999558,1.171399951,1.0134999752,1.5160000324,1.0521999598,1.074000001,1.5821000338,1.2317999601,1.0480999947,1.4812999964,1.1526999474,1.0851999521,1.0082999468,1.5714999437,1.0558999777,1.5686000586,1.0765000582,1.0427999497,1.1642999649,1.1080000401,1.2400000095,1.1887999773,1.587299943,1.6014000177,1.4775999785,1.3759000301,1.5770000219,1.6025999785,1.5995999575,1.5966000557,1.6029000282,1.4232000113,1.6040999889,1.1568000317,1.0111000538,1.5745999813,1.2697999477,1.1282999516,1.1225999594,1.5269999504,1.0398999453,1.2335000038,1.1009999514,1.5930000544,1.0369000435,1.2278000116,1.0968999863,1.2603000403,1.010800004,1.5147999525,1.2804000378,1.0369999409,1.0205999613,1.0585000515,1.5806000233,1.0375000238,1.2100000382,1.1821000576,1.2877999544,1.0942000151,1.0197000504,1.0605000258
6,1.0356999636,1.160599947,1.0616999865,1.3925000429,1.0345000029,1,1.3215999603,1.0676000118,1.1423000097,1.1298999786,1.0923999548,1.1194000244,1.1311999559,1.046399951,1.1194000244,1.3166999817,1.549200058,1.0273000002,1.1341999769,1.0965000391,1.2357000113,1.2735999823,1.5489000082,1.5446000099,1.3892999888,1.0360000134,1.1549999714,1.1028000116,1.125699997,1.4873000383,1.0911999941,1.3471000195,1.1102999449,1.5520999432,1.0591000319,1.038400054,1.0888999701,1.0328999758,1.2329000235,1.1608999968,1.1191999912,1.1196000576,1.0874999762,1.121999979,1.1145999432,1.5613000393,1.0760999918,1.0399999619,1.4890999794,1.3480000496,1.1758999825,1.1058000326,1.1523000002,1.0536999703,1.3399000168,1.2766000032,1.1459000111,1.0697000027,1.1447999477,1.1275999546,1.1883000135,1.3472000361,1.1904000044,1.0647000074,1.0687999725,1.415899992,1.0302000046,1.5626000166,1.1188000441,1.0849000216,1.2125999928,1.0722999573,1.3459000588,1.0809999704,1.5557999611,1.1826000214,1.0908000469,1.339599967,1.1294000149,1.0698000193,1.1023000479,1.0154000521,1.0701999664,1.0808000565,1.2922999859,1.138800025,1.0939999819,1.2043999434,1.090299964,1.130499959,1.0044000149,1.2108000517,1.0906000137,1.1124999523,1.2030999661,1.3076000214,1.0770000219,1.09860003,1.2653000355,1.2084000111,1.0247000456,1.0798000097,1.5017000437,1.0815999508,1.2029999495,1.5499000549,1.0937999487,1.334100008,1.0483000279,1.5552999973,1.1394000053,1.3718999624,1.5637999773,1.1703000069,1.5612000227,1.2367999554,1.1213999987,1.1908999682,1.2042000294,1.5625,1.22239995,1.0627000332,1.1655000448,1.1006000042,1.1218999624,1.0644999743,1.2332999706,1.049399972,1.0968999863,1.1899000406,1.0468000174,1.4358999729,1.2634999752,1.5548000336,1.2180000544,1.1973999739,1.5587999821,1.2015000582,1.1980999708,1.1333999634,1.0365999937,1.4774999619,1.0175000429,1.1066000462,1.5551999807,1.2180000544,1.0837999582,1.4426000118,1.1177999973,1.0721000433,1.0282000303,1.5404000282,1.0470000505,1.535599947,1.0519000292,1.0398999453,1.1282999516,1.0784000158,1.2062000036,1.1495000124,1.5607999563,1.5736999512,1.4391000271,1.3355000019,1.5448999405,1.5755000114,1.5717999935,1.5677000284,1.5757000446,1.381000042,1.5774999857,1.1369999647,1.0319000483,1.5479999781,1.2321000099,1.0928000212,1.0966000557,1.4960999489,1.0727000237,1.1928999424,1.0642000437,1.5644999743,1.0484000444,1.2080999613,1.0622999668,1.2194000483,1.0425000191,1.4763000011,1.2388999462,1.0549999476,1.0414999723,1.057700038,1.5496000052,1.027799964,1.1727999449,1.1500999928,1.2461999655,1.07099998,1.0204000473,1.0273000002
7,1.2827999592,1.2467000485,1.3897999525,1.0622999668,1.3643000126,1.3215999603,1,1.2581000328,1.2134000063,1.2230000496,1.255499959,1.2496999502,1.2346999645,1.3732000589,1.2697999477,1.0932999849,1.2288000584,1.344900012,1.4649000168,1.4364000559,1.1585999727,1.1275000572,1.3493000269,1.293900013,1.1897000074,1.3582999706,1.2005000114,1.2019000053,1.1828999519,1.2316000462,1.4279999733,1.0874999762,1.2023999691,1.339599967,1.3937000036,1.3258999586,1.4078999758,1.2828999758,1.320299983,1.1664999723,1.1878000498,1.3008999825,1.28489995,1.2165999413,1.203799963,1.2752000094,1.2321000099,1.2807999849,1.2817000151,1.070299983,1.1296999455,1.2825000286,1.2326999903,1.2570999861,1.1281000376,1.0705000162,1.1718000174,1.2384999991,1.1924999952,1.1778000593,1.3090000153,1.0808000565,1.1383999586,1.2680000067,1.3082000017,1.0808000565,1.3048000336,1.3152999878,1.1870000362,1.3099000454,1.095600009,1.2640999556,1.0942000151,1.2311999798,1.2457000017,1.2826000452,1.2431999445,1.0887999535,1.2316000462,1.2970999479,1.261500001,1.34010005,1.4059000015,1.2738000155,1.1174000502,1.1967999935,1.2118999958,1.1598000526,1.336400032,1.1991000176,1.3157999516,1.0947999954,1.2330000401,1.2000999451,1.1061999798,1.078600049,1.2583999634,1.2347999811,1.1376999617,1.3086999655,1.3502999544,1.2510000467,1.1773999929,1.2302999497,1.1181999445,1.2226999998,1.2144999504,1.0241999626,1.3049999476,1.247699976,1.198300004,1.1498999596,1.3020000458,1.1525000334,1.2569999695,1.3474999666,1.214599967,1.1902999878,1.1966999769,1.2613999844,1.1286000013,1.2595000267,1.2102999687,1.236199975,1.1980999708,1.3997000456,1.1768000126,1.3818999529,1.2232999802,1.2940000296,1.3703999519,1.1597000361,1.0512000322,1.3358999491,1.1176999807,1.3084000349,1.236199975,1.3223999739,1.2115000486,1.1782000065,1.3638999462,1.1370999813,1.3008999825,1.4408999682,1.3221999407,1.336400032,1.421900034,1.1524000168,1.2117999792,1.317800045,1.3560999632,1.2477999926,1.3308999538,1.2055000067,1.293900013,1.3422000408,1.1967999935,1.2632000446,1.1908999682,1.1536999941,1.3221999407,1.2694000006,1.1569000483,1.0975999832,1.2122000456,1.2810000181,1.2704000473,1.2503999472,1.2759000063,1.0551999807,1.288400054,1.2868000269,1.3595000505,1.3346999884,1.1432000399,1.2256000042,1.2661999464,1.2869000435,1.4067000151,1.1115000248,1.2447999716,1.2663999796,1.3631999493,1.2961000204,1.2558000088,1.0940999985,1.3729000092,1.1335999966,1.0708999634,1.3746999502,1.3664000034,1.3463000059,1.2351000309,1.3329999447,1.163400054,1.2167999744,1.0656000376,1.287700057,1.3435000181,1.2936999798
8,1.0315999985,1.1713000536,1.1137000322,1.3237999678,1.100399971,1.0676000118,1.2581000328,1,1.1373000145,1.0587999821,1.1052999497,1.1312999725,1.1360000372,1.1169999838,1.141100049,1.2743999958,1.4839999676,1.0961999893,1.1811000109,1.1599999666,1.2138999701,1.2421000004,1.477699995,1.4726999998,1.3072999716,1.0878000259,1.1449999809,1.0587999821,1.064800024,1.4090000391,1.1493999958,1.2704999447,1.0852999687,1.4812999964,1.1232000589,1.0565999746,1.1275000572,1.0368000269,1.2611999512,1.090299964,1.0611000061,1.1548000574,1.1176999807,1.1151000261,1.0483000279,1.4943000078,1.0500999689,1.0269999504,1.4103000164,1.2733999491,1.1153999567,1.1340999603,1.1571999788,1.0346000195,1.3042999506,1.2288000584,1.0784000158,1.0374000073,1.1288000345,1.0706000328,1.2187999487,1.2712999582,1.119500041,1.0094000101,1.1131000519,1.3543000221,1.0415999889,1.493999958,1.0805000067,1.1279000044,1.1600999832,1.0111000538,1.268599987,1.0255000591,1.4901000261,1.2050000429,1.0219999552,1.2628999949,1.0593999624,1.1079000235,1.119699955,1.0836000443,1.1319999695,1.1045999527,1.2574000359,1.1236000061,1.0483000279,1.1818000078,1.143599987,1.0599000454,1.0635000467,1.1548000574,1.0226000547,1.0492999554,1.1395000219,1.2620999813,1.0893000364,1.0980000496,1.236899972,1.2362999916,1.0937999487,1.0117000341,1.4308999777,1.0647000074,1.1614999771,1.4865000248,1.0654000044,1.2745000124,1.0931999683,1.489199996,1.0676000118,1.3380000591,1.4960000515,1.1376999617,1.4959000349,1.272300005,1.0505000353,1.1160000563,1.1955000162,1.4972000122,1.1894999743,1.0056999922,1.16110003,1.0309000015,1.1009999514,1.1277999878,1.2174999714,1.1153999567,1.0299999714,1.215299964,1.1175999641,1.3568999767,1.2063000202,1.4845000505,1.1460000277,1.2266000509,1.4960999489,1.2345000505,1.1947000027,1.0694999695,1.1060999632,1.410599947,1.0521999598,1.1590000391,1.4850000143,1.253000021,1.1467000246,1.3647999764,1.0476000309,1.1205999851,1.0960999727,1.4700000286,1.1060999632,1.4702999592,1.0889999867,1.0707000494,1.0586999655,1.016800046,1.1305999756,1.0957000256,1.4917000532,1.511500001,1.3604999781,1.2927999497,1.4823000431,1.5125999451,1.5087000132,1.506000042,1.5133999586,1.3116999865,1.5145000219,1.1649999619,1.0924999714,1.4765000343,1.1557999849,1.0274000168,1.11650002,1.4178999662,1.1303999424,1.1383999586,1.0351999998,1.4991999865,1.0889999867,1.2322000265,1.0113999844,1.1536999941,1.1109000444,1.4114999771,1.1825000048,1.0990999937,1.1119999886,1.1209000349,1.4835000038,1.0924999714,1.1004999876,1.0781999826,1.1825000048,1.1035000086,1.0894999504,1.0391999483
9,1.1290999651,1.038400054,1.2113000155,1.2867000103,1.174399972,1.1423000097,1.2134000063,1.1373000145,1,1.1711000204,1.0483000279,1.0317000151,1.0188000202,1.170699954,1.0478999615,1.171399951,1.4685000181,1.147300005,1.2915999889,1.2404999733,1.0851999521,1.1239999533,1.5340000391,1.5065000057,1.3612999916,1.1830999851,1.0137000084,1.0849000216,1.1124999523,1.442999959,1.2395999432,1.2785999775,1.051699996,1.5318000317,1.2009999752,1.1727999449,1.2424000502,1.1237000227,1.1246999502,1.1512999535,1.1060999632,1.0743999481,1.067999959,1.0199999809,1.1288000345,1.5048999786,1.0834000111,1.1322000027,1.4689999819,1.2699999809,1.1188999414,1.0605000258,1.0227999687,1.1047999859,1.1849000454,1.1468000412,1.1345000267,1.0965000391,1.0197999477,1.1030000448,1.0957000256,1.2749999762,1.1614999771,1.1457999945,1.0930000544,1.2907999754,1.1506999731,1.5266000032,1.0681999922,1.0884000063,1.1138999462,1.1498999596,1.2813999653,1.1138999462,1.4835000038,1.0751999617,1.1476000547,1.273900032,1.1780999899,1.0843000412,1.0460000038,1.1529999971,1.2146999836,1.0640000105,1.1428999901,1.0194000006,1.0924999714,1.0602999926,1.1102000475,1.147300005,1.1382000446,1.1213999987,1.1346999407,1.1188000441,1.1389000416,1.1677999497,1.0609999895,1.040199995,1.1145999432,1.1049000025,1.158100009,1.143599987,1.415199995,1.0686000586,1.0859999657,1.4624999762,1.0692000389,1.2139999867,1.100900054,1.4847999811,1.1579999924,1.2128000259,1.5206999779,1.0549000502,1.4932999611,1.1425000429,1.1532000303,1.2063000202,1.0549000502,1.4967000485,1.0849000216,1.1324000359,1.0213999748,1.1516000032,1.038400054,1.2072999477,1.0809999704,1.188199997,1.1301000118,1.0863000155,1.1656999588,1.3741999865,1.1556999683,1.5317000151,1.1776000261,1.0994000435,1.475900054,1.1103999615,1.0513999462,1.1208000183,1.1668000221,1.3700000048,1.129799962,1.2596999407,1.5257999897,1.1267999411,1.2278000116,1.3734999895,1.1453000307,1.0994999409,1.1650999785,1.4793000221,1.1217999458,1.4451999664,1.0921000242,1.182199955,1.141299963,1.1554000378,1.2210999727,1.0959000588,1.5289000273,1.5056999922,1.3743000031,1.1878999472,1.4510999918,1.5140999556,1.5059000254,1.4894000292,1.510800004,1.2783999443,1.5195000172,1.0629999638,1.176699996,1.5274000168,1.2130000591,1.1269999743,1.0513000488,1.4756000042,1.2207000256,1.109400034,1.0993000269,1.500699997,1.1963000298,1.0972000361,1.1261999607,1.1531000137,1.1768000126,1.3624999523,1.1380000114,1.20449996,1.1648999453,1.1312999725,1.4737000465,1.1342999935,1.1640000343,1.1866999865,1.1615999937,1.0773999691,1.1518000364,1.1347999573
10,1.0923999548,1.2125999928,1.1686999798,1.2792999744,1.1619999409,1.1298999786,1.2230000496,1.0587999821,1.1711000204,1,1.1541999579,1.176699996,1.1765999794,1.1812000275,1.1909999847,1.2640000582,1.4293999672,1.1603000164,1.2285000086,1.2189999819,1.2271000147,1.2443000078,1.4086999893,1.4061000347,1.239199996,1.1449999809,1.1742999554,1.0799000263,1.0572999716,1.3414000273,1.2057000399,1.2150000334,1.1138999462,1.4127999544,1.1835000515,1.1090999842,1.1741000414,1.0976999998,1.3098000288,1.049200058,1.0611000061,1.2106000185,1.1733000279,1.1507999897,1.0382000208,1.4333000183,1.091899991,1.087299943,1.339400053,1.2211999893,1.0937000513,1.1877000332,1.1957999468,1.0892000198,1.2996000052,1.2144999504,1.0492999554,1.0823999643,1.1554000378,1.0673999786,1.2698999643,1.2172000408,1.075799942,1.0616999865,1.1737999916,1.317999959,1.0995999575,1.4285999537,1.098099947,1.1878000498,1.1447999477,1.0541000366,1.2118999958,1.0599999428,1.4333000183,1.2517999411,1.0362000465,1.2072000504,1.0085999966,1.1669000387,1.1691999435,1.1461999416,1.1908999682,1.1585999727,1.255499959,1.1518000364,1.0737999678,1.1966999769,1.2066999674,1.024799943,1.1258000135,1.1352000237,1.0405999422,1.0470999479,1.1095999479,1.2488000393,1.1403000355,1.1406999826,1.2424000502,1.285400033,1.1569000483,1.0465999842,1.3753000498,1.1061999798,1.1595000029,1.4345999956,1.0981999636,1.243999958,1.1547000408,1.4316999912,1.0212999582,1.3336999416,1.4321000576,1.1480000019,1.4383000135,1.3249000311,1.0155999661,1.0549000502,1.2209999561,1.4391000271,1.1938999891,1.0644999743,1.1928999424,1.026900053,1.1288000345,1.1876000166,1.2357000113,1.1769000292,1.0398999453,1.2635999918,1.1823999882,1.293900013,1.1816999912,1.4164999723,1.0994000435,1.2767000198,1.4436000586,1.2867000103,1.2244999409,1.0532000065,1.1694999933,1.3632999659,1.1140999794,1.2113000155,1.4178999662,1.3057999611,1.2057000399,1.3036999703,1.0225000382,1.1822999716,1.1585999727,1.4083000422,1.1701999903,1.418200016,1.148900032,1.1234999895,1.0297000408,1.0490000248,1.0681999922,1.0889999867,1.4254000187,1.4558000565,1.2983000279,1.2812000513,1.4325000048,1.4551000595,1.4520000219,1.4529999495,1.4570000172,1.2667000294,1.4562000036,1.2167999744,1.1524000168,1.4077999592,1.098099947,1.0441000462,1.1676000357,1.3471000195,1.1871000528,1.1225999594,1.084100008,1.4407000542,1.141800046,1.2790999413,1.0670000315,1.1191999912,1.173699975,1.367200017,1.1601999998,1.151900053,1.1762000322,1.1859999895,1.4271999598,1.1564999819,1.0528999567,1.0182000399,1.1497000456,1.1608999968,1.152799964,1.1001000404
11,1.0874999762,1.0640000105,1.1575000286,1.3299000263,1.1211999655,1.0923999548,1.255499959,1.1052999497,1.0483000279,1.1541999579,1,1.0255999565,1.0360000134,1.1169999838,1.0327999592,1.2245999575,1.5059000254,1.0947999954,1.2347999811,1.1842999458,1.1375000477,1.1772999764,1.5475000143,1.5284999609,1.3787000179,1.1312999725,1.0615999699,1.0750999451,1.1086000204,1.4672000408,1.1836999655,1.3084000349,1.0508999825,1.5471999645,1.1463999748,1.1260999441,1.1887999773,1.0812000036,1.1427999735,1.1518000364,1.1007000208,1.0507999659,1.0247000456,1.0346000195,1.1161999703,1.5334999561,1.0575000048,1.0917999744,1.4846999645,1.3029999733,1.1355999708,1.0305000544,1.0550999641,1.0690000057,1.2408000231,1.1945999861,1.1335999966,1.067999959,1.0578999519,1.1023000479,1.1037000418,1.3061000109,1.170699954,1.1116000414,1.0448999405,1.3404999971,1.1059999466,1.5476000309,1.0708999634,1.0451999903,1.1483000517,1.1174999476,1.3099000454,1.0899000168,1.5178999901,1.0913000107,1.121999979,1.3026000261,1.1591999531,1.0358999968,1.0134999752,1.101099968,1.1596000195,1.0159000158,1.1965999603,1.0528000593,1.0770000219,1.1107000113,1.0676000118,1.1368000507,1.0888999701,1.1523000002,1.1115000248,1.1076999903,1.160599947,1.2193000317,1.016100049,1.0182000399,1.1677999497,1.119699955,1.1053999662,1.1147999764,1.4541000128,1.0437999964,1.1265000105,1.502300024,1.054700017,1.2602000237,1.0501999855,1.5184999704,1.1481000185,1.2698999643,1.5443999767,1.0922000408,1.5261000395,1.1533999443,1.1376999617,1.2020000219,1.1042000055,1.5288000107,1.1337000132,1.0993000269,1.0681999922,1.1287000179,1.0497000217,1.1525000334,1.1326999664,1.1340999603,1.1101000309,1.100399971,1.1123000383,1.4038000107,1.1957999468,1.5480999947,1.1926000118,1.1108000279,1.5141999722,1.1183999777,1.0974999666,1.1182999611,1.1134999991,1.4155000448,1.0829999447,1.2035000324,1.5444999933,1.1355999708,1.1720999479,1.4056999683,1.130300045,1.0522999764,1.1122000217,1.5096000433,1.0706000328,1.4859000444,1.0419000387,1.1332999468,1.1313999891,1.1239999533,1.2179000378,1.1076999903,1.5484000444,1.538599968,1.4048999548,1.2421000004,1.4931000471,1.5446000099,1.5379999876,1.5261000395,1.5425000191,1.320299983,1.5485999584,1.0550999641,1.1240999699,1.5428999662,1.2220000029,1.1059999466,1.0120999813,1.49150002,1.1656999588,1.1368999481,1.0681999922,1.5319999456,1.1449999809,1.1162999868,1.0936000347,1.176699996,1.1231000423,1.40989995,1.1746000052,1.1521999836,1.1115000248,1.0806000233,1.5094000101,1.0822999477,1.1655000448,1.1730999947,1.192999959,1.0285999775,1.0994999409,1.0908000469
12,1.1150000095,1.0375000238,1.1849000454,1.3243000507,1.1469999552,1.1194000244,1.2496999502,1.1312999725,1.0317000151,1.176699996,1.0255999565,1,1.0152000189,1.1403000355,1.0173000097,1.2077000141,1.5027999878,1.1191999912,1.2627999783,1.2089999914,1.1167999506,1.158100009,1.5562000275,1.5336999893,1.3890000582,1.1589000225,1.0450999737,1.0921000242,1.1246000528,1.4730000496,1.209800005,1.3114999533,1.0614000559,1.5549000502,1.1718000174,1.1547000408,1.2174999714,1.1086000204,1.1169999838,1.1671999693,1.1169999838,1.0428999662,1.0368000269,1.0305000544,1.1360000372,1.53489995,1.0799000263,1.1191999912,1.4946000576,1.30400002,1.1426999569,1.0278999806,1.0299999714,1.0950000286,1.2200000286,1.1829999685,1.149099946,1.0917999744,1.0487999916,1.1167000532,1.0808000565,1.3084000349,1.1825000048,1.138299942,1.0616999865,1.3298000097,1.1341999769,1.5525000095,1.081799984,1.0554000139,1.1456999779,1.1439000368,1.3136999607,1.1130000353,1.516299963,1.0659999847,1.146600008,1.3063000441,1.1825000048,1.0542000532,1.0167000294,1.127300024,1.185199976,1.0365999937,1.1778000593,1.0454000235,1.0964000225,1.0931999683,1.0760999918,1.1563999653,1.1161999703,1.1519999504,1.1351000071,1.1267000437,1.1657999754,1.20449996,1.0417000055,1.0318000317,1.1478999853,1.0947999954,1.1308000088,1.1402000189,1.451300025,1.064800024,1.1190999746,1.497699976,1.0721999407,1.2512999773,1.0730999708,1.5174000263,1.1677999497,1.2474000454,1.5479999781,1.0858999491,1.5252000094,1.1296999455,1.1592999697,1.220600009,1.0805000067,1.5283000469,1.1194000244,1.1254999638,1.046200037,1.15260005,1.0536999703,1.1778999567,1.1098999977,1.1592999697,1.1325000525,1.0757000446,1.1348999739,1.4072999954,1.1904000044,1.5552999973,1.2020000219,1.0867999792,1.5102000237,1.095600009,1.0723999739,1.1339999437,1.1378999949,1.4084000588,1.1104999781,1.230700016,1.5506999493,1.1125999689,1.1972999573,1.4076000452,1.1514999867,1.0671999455,1.1377999783,1.5109000206,1.0915000439,1.4810999632,1.0657999516,1.1618000269,1.1506999731,1.1504000425,1.2362999916,1.1164000034,1.55400002,1.5370999575,1.4077999592,1.2244999409,1.4872000217,1.5442999601,1.5369999409,1.5226999521,1.5415999889,1.3156000376,1.5490000248,1.0371999741,1.1509000063,1.5507999659,1.2350000143,1.1286000013,1.0219000578,1.5010999441,1.1921000481,1.1382000446,1.0929000378,1.5318000317,1.1733000279,1.0903999806,1.119500041,1.1812000275,1.1476999521,1.4012999535,1.171200037,1.1802999973,1.1348999739,1.0989999771,1.5074000359,1.1065000296,1.1807999611,1.1948000193,1.1933000088,1.048699975,1.125,1.1186000109
13,1.1231000423,1.0319999456,1.198300004,1.3087999821,1.1606999636,1.1311999559,1.2346999645,1.1360000372,1.0188000202,1.1765999794,1.0360000134,1.0152000189,1,1.155099988,1.030099988,1.1913000345,1.4889999628,1.1330000162,1.2774000168,1.2244000435,1.1016999483,1.1423000097,1.5484999418,1.5236999989,1.3790999651,1.171399951,1.0314999819,1.0904999971,1.1210999489,1.4617999792,1.2245999575,1.2987999916,1.0579999685,1.5468000174,1.1862000227,1.1647000313,1.2304999828,1.1171000004,1.1164000034,1.1624000073,1.1140999794,1.0557999611,1.0513999462,1.0241999626,1.1348999739,1.5233999491,1.0828000307,1.1267999411,1.4855999947,1.2905999422,1.1339999437,1.0425000191,1.0200999975,1.1009999514,1.2035000324,1.1674000025,1.1447999477,1.0954999924,1.0369000435,1.1124999523,1.0836000443,1.2954000235,1.1754000187,1.1437000036,1.0764000416,1.3130999804,1.1433999538,1.5429999828,1.0772000551,1.0705000162,1.1328999996,1.1486999989,1.3013000488,1.1153000593,1.5032999516,1.0656000376,1.1492999792,1.2937999964,1.1829999685,1.0684000254,1.0303000212,1.1403000355,1.1998000145,1.0496000052,1.1617000103,1.0346000195,1.0963000059,1.0782999992,1.0914000273,1.1546000242,1.1275999546,1.1398999691,1.1369999647,1.1252000332,1.1556999683,1.188199997,1.0509999991,1.0350999832,1.1323000193,1.0952999592,1.144299984,1.1438000202,1.4366999865,1.0674999952,1.1053999662,1.4833999872,1.0721000433,1.2354999781,1.086599946,1.5045000315,1.1656999588,1.2309000492,1.5377999544,1.073300004,1.5125999451,1.1316000223,1.1588000059,1.2167999744,1.0669000149,1.5159000158,1.1043000221,1.130499959,1.0326999426,1.154399991,1.0475000143,1.1923999786,1.0953999758,1.1735999584,1.13349998,1.0762000084,1.149799943,1.3946000338,1.1761000156,1.546900034,1.1933000088,1.0884000063,1.4963999987,1.0983999968,1.0599999428,1.1302000284,1.152099967,1.3924000263,1.1207000017,1.2453000546,1.5417000055,1.1152000427,1.212299943,1.3944000006,1.1510000229,1.0822000504,1.1513999701,1.4986000061,1.1059999466,1.4665000439,1.078600049,1.1727999449,1.1486999989,1.1548000574,1.2321000099,1.1090999842,1.5448999405,1.5247000456,1.3948999643,1.2079000473,1.4723000526,1.5326000452,1.524799943,1.5094000101,1.5295000076,1.3003000021,1.5376000404,1.0461000204,1.1640000343,1.5425000191,1.2275999785,1.1298999786,1.0356999636,1.492200017,1.2064000368,1.1269999743,1.09739995,1.5197000504,1.1854000092,1.0892000198,1.1244000197,1.1706000567,1.1620999575,1.3848999739,1.1577999592,1.1928999424,1.1495000124,1.114199996,1.493999958,1.1201000214,1.1756000519,1.1936999559,1.1807999611,1.0623999834,1.1383999586,1.1275999546
14,1.0838999748,1.1778999567,1.0511000156,1.4445999861,1.0214999914,1.046399951,1.3732000589,1.1169999838,1.170699954,1.1812000275,1.1169999838,1.1403000355,1.155099988,1,1.1335999966,1.3586000204,1.589599967,1.0228999853,1.1126999855,1.0607999563,1.268599987,1.3107999563,1.5898000002,1.5867999792,1.4453999996,1.0442999601,1.1850999594,1.1498999596,1.1764999628,1.5371999741,1.0629999638,1.4032000303,1.1510000229,1.5927000046,1.0302000046,1.0730999708,1.0831999779,1.0806000233,1.2332999706,1.2141000032,1.1692999601,1.1230000258,1.101099968,1.1533999443,1.165899992,1.6006000042,1.1207000017,1.0882999897,1.5382000208,1.4033999443,1.2267999649,1.117200017,1.1740000248,1.100399971,1.3777999878,1.3217999935,1.1981999874,1.1166000366,1.1789000034,1.1775000095,1.1892000437,1.4029999971,1.2443000078,1.1131999493,1.0755000114,1.4642000198,1.0750000477,1.6017999649,1.163599968,1.0879000425,1.2605999708,1.1210000515,1.4021999836,1.1305999756,1.5954999924,1.1900999546,1.1410000324,1.3959000111,1.1800999641,1.0821000338,1.1222000122,1.0307999849,1.0415999889,1.100900054,1.3308999538,1.1727999449,1.1418999434,1.2388000488,1.0806000233,1.182700038,1.0507999659,1.2602000237,1.1411999464,1.1634999514,1.2552000284,1.3511999846,1.1054999828,1.1296999455,1.3009999991,1.2101000547,1.0211000443,1.1295000315,1.5485999584,1.1225999594,1.2465000153,1.5896999836,1.1370999813,1.3837000132,1.0636999607,1.5951999426,1.1919000149,1.408100009,1.6028000116,1.2108000517,1.6001000404,1.2311999798,1.1730999947,1.244699955,1.2309999466,1.6013000011,1.261500001,1.1121000052,1.1917999983,1.1511000395,1.1599999666,1.0349999666,1.2628999949,1.0211000443,1.1476999521,1.1945999861,1.005499959,1.4896999598,1.3129999638,1.5951000452,1.2726000547,1.1987999678,1.59739995,1.1996999979,1.2218999863,1.1848000288,1.0109000206,1.5248999596,1.0636999607,1.0829000473,1.595600009,1.2137000561,1.0506000519,1.4957000017,1.1694999933,1.0729999542,1.0202000141,1.5830999613,1.0453000069,1.5774999857,1.0726000071,1.064800024,1.1804000139,1.1268999577,1.2604000568,1.1984000206,1.600200057,1.6102999449,1.4925999641,1.3770999908,1.5851000547,1.6119999886,1.608899951,1.6049000025,1.6119999886,1.4336999655,1.6137000322,1.1441999674,1.032400012,1.5893000364,1.2877999544,1.1434999704,1.1159000397,1.5444999933,1.0498000383,1.2418999672,1.1110999584,1.6030000448,1.0585999489,1.2129000425,1.111700058,1.2721999884,1.0118999481,1.5228999853,1.2883000374,1.0573999882,1.0052000284,1.0428999662,1.5901999474,1.0336999893,1.2265000343,1.2021000385,1.2983000279,1.0875999928,1.0254000425,1.0750999451
15,1.1209000349,1.0394999981,1.1816999912,1.344900012,1.1430000067,1.1194000244,1.2697999477,1.141100049,1.0478999615,1.1909999847,1.0327999592,1.0173000097,1.030099988,1.1335999966,1,1.2239999771,1.5211000443,1.1145999432,1.2580000162,1.2015999556,1.1298999786,1.1726000309,1.5716999769,1.5508999825,1.4096000195,1.1575000286,1.0607999563,1.1073999405,1.141100049,1.4925999641,1.2038999796,1.3327000141,1.0779999495,1.5706000328,1.1662000418,1.1576000452,1.2154999971,1.1139999628,1.1073000431,1.1848000288,1.1332999468,1.0256999731,1.0305999517,1.0480999947,1.1511000395,1.5520000458,1.0917999744,1.1255999804,1.513100028,1.3251999617,1.1618000269,1.0155999661,1.0388000011,1.1035000086,1.2340999842,1.2009999752,1.1663000584,1.1029000282,1.0664000511,1.1335999966,1.0688999891,1.3295999765,1.2014000416,1.147300005,1.0541000366,1.3492000103,1.138299942,1.5686000586,1.0988999605,1.0441000462,1.1649999619,1.1535999775,1.3350000382,1.1253000498,1.5341999531,1.0582000017,1.1584999561,1.3274999857,1.1964000464,1.0485999584,1.0196000338,1.125,1.1794999838,1.0364999771,1.1927000284,1.0633000135,1.1107000113,1.1081000567,1.0622999668,1.1720000505,1.1167999506,1.1714999676,1.1476000547,1.1418999434,1.1854000092,1.2216000557,1.0480999947,1.0456000567,1.1618000269,1.084800005,1.1269999743,1.1511000395,1.4711999893,1.0772000551,1.1375999451,1.5160000324,1.0866999626,1.2707999945,1.0697000027,1.5351999998,1.1835999489,1.2605999708,1.5644999743,1.1040999889,1.5427000523,1.1171000004,1.1737999916,1.2379000187,1.0906000137,1.545699954,1.1359000206,1.1348999739,1.0584000349,1.1653000116,1.0712000132,1.1721999645,1.1210000515,1.1539000273,1.1459000111,1.0663000345,1.1277999878,1.4283000231,1.2100000382,1.57099998,1.2216999531,1.0758999586,1.5281000137,1.0830999613,1.0805000067,1.1509000063,1.1326999664,1.4283000231,1.1131000519,1.225399971,1.5669000149,1.0996999741,1.1906000376,1.4285999537,1.1661000252,1.0576000214,1.1339000464,1.5291999579,1.084800005,1.4998999834,1.0642000437,1.1631000042,1.1663000584,1.160400033,1.2539000511,1.1346999407,1.5700000525,1.55400002,1.4287999868,1.2405999899,1.5055999756,1.5608999729,1.5539000034,1.5400999785,1.5582000017,1.3363000155,1.5652999878,1.0220999718,1.1483000517,1.5666999817,1.2542999983,1.1417000294,1.0226000547,1.519299984,1.1871999502,1.1576000452,1.1031999588,1.5491000414,1.1727999449,1.0822000504,1.1290999651,1.2010999918,1.1423000097,1.4208999872,1.1907999516,1.1789000034,1.1286000013,1.0899000168,1.5255999565,1.1023000479,1.1986000538,1.2100000382,1.2134000063,1.0454000235,1.1216000319,1.1230000258
